$ 1 0.000005 10.20027730826997 50 5 43
a 160 192 336 192 8 15 -15 1000000 0.06729452189583908 0.06730125134802867 100000
x 162 225 173 228 4 12 Ri
x -63 64 -13 67 4 12 Ask\s6.2.2
v 160 320 160 208 0 1 100 0.1 0 0 0.5
x 128 250 138 253 4 12 Ei
g -48 176 -48 352 0
g 160 320 160 352 0
w 160 176 160 96 0
w 336 192 336 96 0
r 160 96 336 96 0 27000
x 243 70 255 73 4 12 Rf
r 336 192 336 288 0 10000
g 336 288 336 320 0
x 348 230 363 233 4 12 RL
O 336 192 416 192 0
x 409 181 423 184 4 12 V0
r -48 176 160 176 0 3000
o 3 64 0 4106 0.15625 0.1 0 2 3 3 Ei
o 14 64 0 4106 2.5 0.1 0 1 V0
