1o

$ 1 0.000005 13.097415321081861 58 5 43
t 272 176 320 176 0 1 -1.4014672732167164 0.5955981130299148 100
r 272 176 192 176 0 330000
v 192 256 192 176 0 0 40 3.9 0 0 0.5
g 192 256 192 304 0
w 320 160 320 112 0
r 320 112 448 112 0 2200
v 448 192 448 112 0 0 40 4.2 0 0 0.5
g 448 192 448 240 0
g 320 192 320 272 0
p 192 128 272 128 1 0
p 448 64 320 64 1 0
w 192 128 192 176 0
w 272 128 272 176 0
w 320 64 320 112 0
w 448 64 448 112 0
x 222 86 243 89 4 14 Vrb
x 372 30 392 33 4 14 Vrc
p 320 160 320 192 1 0
w 272 176 240 224 0
w 320 192 272 256 0
p 240 224 272 256 1 0
x 257 226 285 229 4 16 Vbe
x 339 169 366 172 4 16 Vce
38 2 0 1 10 Voltage
38 6 0 1 10 Voltage



2ο

$ 1 0.000005 10.20027730826997 57 5 43
t 240 224 320 224 0 1 -4.855947807590103 0.6210327860679623 215
r 320 240 320 336 0 2400
r 320 192 320 112 0 3000
w 240 224 240 192 0
r 240 192 320 192 0 390000
w 320 192 320 208 0
R 320 112 320 32 0 0 40 20 0 0 0.5
g 320 336 320 400 0
368 320 208 416 208 0 0
368 240 224 240 288 0 0
368 320 240 416 272 0 0
x 407 237 425 240 4 16 Vc
x 232 319 251 322 4 16 Vb
x 407 302 425 305 4 16 Ve



3o 

$ 1 0.000005 10.20027730826997 50 5 43
368 320 208 416 240 0 0
368 320 176 416 160 0 0
368 240 192 112 192 0 0
g 320 320 320 384 0
g 240 320 240 384 0
w 240 96 320 96 0
R 320 96 320 48 0 0 40 15 0 0 0.5
r 320 176 320 96 0 1500
r 240 192 240 96 0 51000
r 240 192 240 320 0 11000
r 320 208 320 320 0 300
t 240 192 320 192 0 1 -4.307271816005247 0.6400241337653623 150

