$ 1 0.000005 10.20027730826997 50 5 43
a 160 192 336 192 8 15 -15 1000000 0.0000010347556257590568 0 100000
r 96 176 160 176 0 10000
x 121 148 132 151 4 12 Ri
x -63 64 -10 67 4 12 Ask\s6.2.1.
v 96 288 96 176 0 1 100 0.1 0 0 0.5
x 57 218 67 221 4 12 Ei
g 96 288 96 320 0
g 160 208 160 320 0
w 160 176 160 96 0
w 336 192 336 96 0
r 160 96 336 96 0 100000
x 243 70 255 73 4 12 Rf
r 336 192 336 288 0 10000
g 336 288 336 320 0
x 348 230 363 233 4 12 RL
O 336 192 416 192 0
x 409 181 423 184 4 12 V0
o 4 64 0 4106 0.15625 0.1 0 2 4 3 Ei
o 15 64 0 4106 1.25 0.1 0 1 V0
