		3o κυκλωμα 

$ 1 0.000005 9.001713130052181 39 5 50
169 288 144 352 144 0 4 0.138 0.09224472760257661 -0.006824130790994601 -1.714352815540554e-7 0.99
v 192 144 192 208 0 1 50 311.08 0 0 0.5
w 192 144 288 144 0
w 192 208 288 208 0
d 400 96 464 96 2 default
d 400 256 464 256 2 default
209 528 96 528 256 0 0.000001 16.40723815783916 1
z 608 256 608 96 2 default-zener
r 672 96 672 256 0 1000
r 528 96 608 96 0 1000
w 352 144 384 144 0
w 384 144 384 96 0
w 384 96 400 96 0
w 352 208 384 208 0
w 384 208 384 256 0
w 384 256 400 256 0
g 352 176 416 176 0
w 464 96 528 96 0
w 464 256 464 96 0
w 528 256 608 256 0
g 608 256 608 320 0
w 608 96 672 96 0
w 608 256 672 256 0
O 672 96 720 96 0
o 1 64 0 4106 320 0.1 0 2 1 3
o 23 64 0 4106 10 0.1 1 1
38 6 0 0.000001 0.0005 Capacitance




		2o κυκλωμα

$ 1 0.000005 0.9891409633455756 50 5 50
169 464 272 528 272 0 4 0.138 -1.4368688244076522 4.85722573273506e-17 1.3877787807814457e-17 0.99
x 419 238 548 241 4 24 Transformer
w 528 272 592 272 0
d 592 272 592 192 2 default
w 592 272 592 320 0
d 592 400 592 320 2 default
w 528 304 624 304 0
w 624 304 624 352 0
w 624 352 672 352 0
w 592 400 672 400 0
d 672 400 672 352 2 default
w 592 192 672 192 0
d 672 352 672 192 2 default
w 672 192 768 192 0
w 672 400 768 400 0
r 768 192 768 400 0 1000
g 672 400 672 480 0
w 416 272 464 272 0
w 912 192 944 192 0
w 912 400 944 400 0
O 944 192 960 192 0
O 944 400 960 400 0
v 416 272 416 336 0 1 50 311.08 0 0 0.5
w 416 336 464 336 0
p 944 192 944 400 1 0
w 768 192 848 192 0
w 768 400 848 400 0
c 848 192 848 400 0 0.0005 19.813005270714232
w 848 192 912 192 0
w 848 400 912 400 0
p 528 272 528 304 1 0
o 24 64 0 4874 27.72331437762609 0.0001 0 1 vo
o 30 64 0 4106 40 0.1 1 1 vsec
38 22 0 1 1000 Max\sVoltage
38 22 3 1 1000 Frequency
38 27 0 0.000001 0.0005 Capacitance




		1o κυκλωμα

$ 1 0.000005 4.078577355933338 91 5 50
169 464 272 528 272 0 4 0.138 -0.2227742709146622 -0.011925624619631321 2.7755575615628914e-17 0.99
x 435 224 564 227 4 24 Transformer
w 528 272 592 272 0
d 592 272 592 192 2 default
w 592 272 592 320 0
d 592 400 592 320 2 default
w 528 304 624 304 0
w 624 304 624 352 0
w 624 352 672 352 0
w 592 400 672 400 0
d 672 400 672 352 2 default
w 592 192 672 192 0
d 672 352 672 192 2 default
w 672 192 768 192 0
w 672 400 768 400 0
r 768 192 768 400 0 1000
g 672 400 672 480 0
w 416 272 464 272 0
w 768 192 800 192 0
w 768 400 800 400 0
O 800 192 816 192 0
O 800 400 816 400 0
v 416 272 416 336 0 1 50 311.08 0 0 0.5
w 416 336 464 336 0
p 528 272 528 304 1 0
o 18 64 0 4362 40 0.1 0 2 18 3
o 24 64 0 4362 40 0.1 1 1
38 22 0 1 1000 Max\sVoltage
38 22 3 1 1000 Frequency

