1ο

$ 1 0.000005 2.5790339917193066 50 5 43
w 336 336 400 336 0
O 496 112 576 112 0
x 53 209 74 212 4 18 Vs
w 336 112 336 128 0
x 570 98 591 101 4 18 Vo
x 342 200 363 203 4 18 Ve
x 256 137 278 140 4 18 Vb
x 307 112 328 115 4 18 Vc
x 305 271 328 274 4 18 Re
x 317 391 354 394 4 18 -Vee
x 406 143 429 146 4 18 C3
x 417 243 440 246 4 18 C2
x 510 159 526 162 4 18 Rl
x 134 115 155 118 4 18 Rs
x 268 185 291 188 4 18 Rb
x 222 114 245 117 4 18 C1
x 373 2 403 5 4 18 Vcc
x 347 58 368 61 4 18 Rc
x 32 75 213 78 4 16 Γεννήτρια\sκυματομορφών
b 44 84 202 375 0
R 336 336 336 368 0 0 40 -10 0 0 0.5
R 336 16 384 16 0 0 40 15 0 0 0.5
g 96 288 96 336 0
w 336 208 336 160 0
w 336 208 400 208 0
g 496 224 496 256 0
g 272 16 272 64 0
g 256 336 256 368 0
g 256 240 256 288 0
t 256 144 336 144 0 1 -11.328272645576623 0.5996115507021553 120
c 256 336 336 336 0 1.0000000000000001e-7 10
c 272 16 336 16 0 1.0000000000000001e-7 -15
209 400 208 400 336 0 0.00047 1.3779883316641772 63
209 336 112 496 112 0 0.00047 0.10955954612503005 63
209 192 144 256 144 0 0.000047 8.034834127631767 63
r 496 112 496 224 0 100000000000000
r 336 208 336 336 0 10000
r 336 16 336 112 0 10000
r 256 144 256 240 0 100000
r 96 144 192 144 0 50
v 96 144 96 288 0 1 1000 0.01 0 0 0.5
368 256 144 208 32 0 0
368 336 128 384 144 0 0
368 336 160 432 192 0 0
o 40 8 0 12298 0.01 0.0001 0 2 40 3 Vs
o 1 8 0 28682 9.21769509599972 0.0001 0 1 Vo




2ο

$ 1 0.000005 10.20027730826997 50 5 43
r 176 96 176 192 0 1000
r 320 96 320 192 0 1000
t 240 208 320 208 0 1 -12.144776285240097 0.6164094375545252 100
t 240 208 176 208 0 1 0 0.6164094375545252 100
g 176 224 176 288 0
g 320 224 320 288 0
R 176 96 176 64 0 0 40 2.9 0 0 0.5
R 320 96 320 64 0 0 40 15 0 0 0.5
w 176 192 240 144 0
w 240 144 240 208 0
368 320 192 384 192 0 0
368 176 192 80 160 0 0
x 311 52 331 55 4 12 Vcc
x 359 140 370 143 4 12 Rl
x 139 148 153 151 4 12 Rx
x 170 51 184 54 4 12 V1
x 151 213 167 216 4 12 Q1
x 67 134 87 137 4 12 Vc1
x 412 185 432 188 4 12 Vc2

